Matriz 1:
0, 18, 48, 0, 15, 31, 40, 3, 7, 13, 33
0, 0, 10, 40, 34, 0, 0, 0, 0, 0, 11
0, 0, 34, 23, 0, 34, 0, 9, 0, 45, 43
4, 29, 26, 29, 0, 27, 0, 0, 17, 38, 39
37, 7, 20, 44, 0, 0, 0, 0, 0, 0, 0
0, 0, 18, 17, 39, 17, 0, 0, 9, 34, 0
Matriz 2:
0, 18, 48, 0, 15, 31, 40, 3, 7, 13, 33
0, 0, 10, 40, 34, 0, 0, 0, 0, 0, 11
0, 0, 34, 23, 0, 34, 0, 9, 0, 45, 43
4, 29, 26, 29, 0, 27, 0, 0, 17, 38, 39
37, 7, 20, 44, 0, 0, 0, 0, 0, 0, 0
0, 0, 18, 17, 39, 17, 0, 0, 9, 34, 0
Max: 48
0
0
0
7
0
0
0
18
0
0
38
0
0
0
0
0
9
0
40
0---18---48---11---17---31---40---3---7---13---33
0---0---10---40---49---0---0---0---0---0---11
5---0---34---23---24---34---0---9---0---45---39
48---29---26---1---0---16---24---0---17---38---39
37---7---20---22---0---0---0---0---0---0---0
0---0---18---17---39---17---0---0---9---34---0
Max: 49
0 810 1632 0 615 527 120 60 196 195 363
0 0 340 1200 1394 0 0 0 0 0 121
0 0 1156 690 0 578 0 180 0 675 473
128 1305 884 870 0 459 0 0 476 570 429
1184 315 680 1320 0 0 0 0 0 0 0
0 0 612 510 1599 289 0 0 252 510 0
0,0,0,128,1184,0
810,0,0,1305,315,0
1632,340,1156,884,680,612
0,1200,690,870,1320,510
615,1394,0,0,0,1599
527,0,578,459,0,289
120,0,0,0,0,0
60,0,180,0,0,0
196,0,0,476,0,252
195,0,675,570,0,510
363,121,473,429,0,0
0  810  1632  0  615  527  120  60  196  195  363
0  0  340  1200  1394  0  0  0  0  0  121
0  0  1156  690  0  578  0  180  0  675  473
128  1305  884  870  0  459  0  0  476  570  429
1184  315  680  1320  0  0  0  0  0  0  0
0  0  612  510  1599  289  0  0  252  510  0
d y d4 son iguales
d y d2 son diferentes
0, 810, 1632, 0, 29, 527, 120, 60, 196, 195, 363
47, 49, 340, 5, 25, 19, 0, 0, 0, 0, 121
0, 34, 16, 690, 0, 578, 0, 180, 0, 675, 473
30, 1305, 884, 870, 0, 459, 0, 0, 476, 570, 429
34, 315, 680, 1320, 0, 0, 0, 0, 0, 0, 0
0, 0, 612, 510, 1599, 39, 0, 0, 252, 510, 0
Result:
0 . 1620 . 3264 . 0 . 644 . 1054 . 240 . 120 . 392 . 390 . 726
47 . 49 . 680 . 1205 . 1419 . 19 . 0 . 0 . 0 . 0 . 242
0 . 34 . 1172 . 1380 . 0 . 1156 . 0 . 360 . 0 . 1350 . 946
158 . 2610 . 1768 . 1740 . 0 . 918 . 0 . 0 . 952 . 1140 . 858
1218 . 630 . 1360 . 2640 . 0 . 0 . 0 . 0 . 0 . 0 . 0
0 . 0 . 1224 . 1020 . 3198 . 328 . 0 . 0 . 504 . 1020 . 0
0,47,0,158,1218,0
1620,49,34,2610,630,0
3264,680,1172,1768,1360,1224
0,1205,1380,1740,2640,1020
644,1419,0,0,0,3198
1054,19,1156,918,0,328
240,0,0,0,0,0
120,0,360,0,0,0
392,0,0,952,0,504
390,0,1350,1140,0,1020
726,242,946,858,0,0
15708588 * 3408454 * 6355408 * 12407216 * 5459640 * 6995728
3408454 * 3991521 * 2712422 * 3659334 * 4194116 * 6605614
6355408 * 2712422 * 7462492 * 7973912 * 5258540 * 4598296
12407216 * 3659334 * 7973912 * 16775280 * 8834824 * 5882544
5459640 * 4194116 * 5258540 * 8834824 * 10699624 * 4357440
6995728 * 6605614 * 4598296 * 5882544 * 4357440 * 14167780
1510697, 1182023, 1967784, 3547075, 66693, 145937, 0, 0, 150416, 180120, 146938
1182023, 9836957, 10832128, 6310565, 1112811, 4143695, 388800, 206640, 3119760, 3653100, 3459522
1967784, 10832128, 18963280, 10351960, 6981288, 6832504, 783360, 813600, 3579520, 6119160, 5159880
3547075, 6310565, 10351960, 14394025, 4971855, 3550055, 0, 496800, 2170560, 4887000, 3090010
66693, 1112811, 6981288, 4971855, 12655501, 1754681, 154560, 77280, 1864240, 3513120, 810942
145937, 4143695, 6832504, 3550055, 1754681, 3397921, 252960, 542640, 1452416, 3352740, 2651022
0, 388800, 783360, 0, 154560, 252960, 57600, 28800, 94080, 93600, 174240
0, 206640, 813600, 496800, 77280, 542640, 28800, 144000, 47040, 532800, 427680
150416, 3119760, 3579520, 2170560, 1864240, 1452416, 94080, 47040, 1313984, 1752240, 1101408
180120, 3653100, 6119160, 4887000, 3513120, 3352740, 93600, 532800, 1752240, 4314600, 2538360
146938, 3459522, 5159880, 3090010, 810942, 2651022, 174240, 427680, 1101408, 2538360, 2216720
2624400---81000---58344---4228200---1021244---3996190---240---120---392---390---726
79427---2258---2346---8631---58665---832339---0---0---0---0---242
55080---1700---2328---90120---21420---1435684---0---360---0---1350---946
4228358---10036---90508---26704---192444---2164950---0---0---952---1140---858
1021818---57876---22780---195084---1483524---1664640---0---0---0---0---0
3995136---832320---1435752---2165052---1667838---1498504---0---0---504---1020---0
15708588*3408454*6355408*12407216*5459640*6995728
3408454*3991521*2712422*3659334*4194116*6605614
6355408*2712422*7462492*7973912*5258540*4598296
12407216*3659334*7973912*16775280*8834824*5882544
5459640*4194116*5258540*8834824*10699624*4357440
6995728*6605614*4598296*5882544*4357440*14167780
Vector:
15708588 3408454 6355408 12407216 5459640 6995728 
3408454 3991521 2712422 3659334 4194116 6605614 
6355408 2712422 7462492 7973912 5258540 4598296 
12407216 3659334 7973912 16775280 8834824 5882544 
5459640 4194116 5258540 8834824 10699624 4357440 
6995728 6605614 4598296 5882544 4357440 14167780 
15708588...3408454...6355408...12407216...5459640...6995728
3408454...3991521...2712422...3659334...4194116...6605614
6355408...2712422...7462492...7973912...5258540...4598296
12407216...3659334...7973912...16775280...8834824...5882544
5459640...4194116...5258540...8834824...10699624...4357440
6995728...6605614...4598296...5882544...4357440...14167780
1---[]---15---[]---34---[]---43---[]---8---[]---38---[]---39---[]---16---[]---41---[]---29---[]---22---[]---39
23---[]---1---[]---7---[]---3---[]---16---[]---31---[]---49---[]---49---[]---38---[]---29---[]---6---[]---36
29---[]---19---[]---14---[]---5---[]---25---[]---22---[]---13---[]---41---[]---32---[]---12---[]---5---[]---19
32---[]---46---[]---20---[]---39---[]---32---[]---30---[]---25---[]---45---[]---9---[]---17---[]---27---[]---2
46---[]---17---[]---10---[]---34---[]---38---[]---26---[]---48---[]---18---[]---12---[]---45---[]---8---[]---27
7---[]---27---[]---25---[]---17---[]---23---[]---34---[]---23---[]---27---[]---10---[]---10---[]---22---[]---15
38---[]---49---[]---48---[]---20---[]---46---[]---25---[]---10---[]---28---[]---7---[]---31---[]---33---[]---42
21---[]---33---[]---30---[]---1---[]---9---[]---32---[]---17---[]---23---[]---3---[]---10---[]---9---[]---47
32---[]---1---[]---27---[]---1---[]---47---[]---22---[]---20---[]---25---[]---49---[]---39---[]---26---[]---35
40---[]---15---[]---1---[]---30---[]---25---[]---8---[]---4---[]---12---[]---9---[]---21---[]---16---[]---11
16---[]---30---[]---29---[]---39---[]---10---[]---48---[]---39---[]---14---[]---32---[]---27---[]---7---[]---45
41---[]---45---[]---21---[]---44---[]---45---[]---8---[]---22---[]---33---[]---18---[]---44---[]---36---[]---3
18332989-.-3490344-.-6415466-.-16635628-.-6482156-.-10992514-.-439-.-199-.-636-.-627-.-1144-.-39
3489571-.-3993878-.-2715159-.-3670623-.-4253501-.-7438003-.-49-.-49-.-38-.-29-.-380-.-36
6413786-.-2714855-.-7466056-.-8066518-.-5281369-.-6035838-.-13-.-590-.-32-.-2082-.-1463-.-19
16635684-.-3671955-.-8066730-.-16804634-.-9029940-.-8049019-.-49-.-45-.-1454-.-1765-.-1353-.-2
6482219-.-4253750-.-5282030-.-9031284-.-12183186-.-6025304-.-48-.-18-.-12-.-45-.-8-.-27
10991925-.-7437980-.-6035859-.-8049058-.-6026939-.-15666702-.-23-.-27-.-775-.-1574-.-22-.-15
278-.-49-.-48-.-20-.-46-.-25-.-10-.-28-.-7-.-31-.-33-.-42
141-.-33-.-390-.-1-.-9-.-32-.-17-.-23-.-3-.-10-.-9-.-47
424-.-1-.-27-.-953-.-47-.-526-.-20-.-25-.-49-.-39-.-26-.-35
430-.-15-.-1351-.-1170-.-25-.-1028-.-4-.-12-.-9-.-21-.-16-.-11
742-.-272-.-975-.-897-.-10-.-48-.-39-.-14-.-32-.-27-.-7-.-45
41-.-45-.-21-.-44-.-45-.-8-.-22-.-33-.-18-.-44-.-36-.-3
Max: 18332989
--------------------------------------
Row Vec 3:
(0, 16635684)
(1, 3671955)
(2, 8066730)
(3, 16804634)
(4, 9029940)
(5, 8049019)
(6, 49)
(7, 45)
(8, 1454)
(9, 1765)
(10, 1353)
(11, 2)
--------------------------------------
DisperseRow Vec 3:
(0, 16635684)
(1, 3671955)
(2, 8066730)
(3, 16804634)
(4, 9029940)
(5, 8049019)
(6, 49)
(7, 45)
(8, 1454)
(9, 1765)
(10, 1353)
(11, 2)
--------------------------------------
Row List 3:
(36, 16635684)
(37, 3671955)
(38, 8066730)
(39, 16804634)
(40, 9029940)
(41, 8049019)
(42, 49)
(43, 45)
(44, 1454)
(45, 1765)
(46, 1353)
(47, 2)
--------------------------------------
DisperseRow List 3:
(0, 16635684)
(1, 3671955)
(2, 8066730)
(3, 16804634)
(4, 9029940)
(5, 8049019)
(6, 49)
(7, 45)
(8, 1454)
(9, 1765)
(10, 1353)
(11, 2)
--------------------------------------
Col Vec 3:
(0, 16635628)
(1, 3670623)
(2, 8066518)
(3, 16804634)
(4, 9031284)
(5, 8049058)
(6, 20)
(7, 1)
(8, 953)
(9, 1170)
(10, 897)
(11, 44)
--------------------------------------
DisperseCol Vec 3:
(0, 16635628)
(1, 3670623)
(2, 8066518)
(3, 16804634)
(4, 9031284)
(5, 8049058)
(6, 20)
(7, 1)
(8, 953)
(9, 1170)
(10, 897)
(11, 44)
--------------------------------------
Col List 3:
(3, 16635628)
(15, 3670623)
(27, 8066518)
(39, 16804634)
(51, 9031284)
(63, 8049058)
(75, 20)
(87, 1)
(99, 953)
(111, 1170)
(123, 897)
(135, 44)
--------------------------------------
DisperseCol List 3:
(0, 16635628)
(1, 3670623)
(2, 8066518)
(3, 16804634)
(4, 9031284)
(5, 8049058)
(6, 20)
(7, 1)
(8, 953)
(9, 1170)
(10, 897)
(11, 44)
--------------------------------------
Row Vec 1:
(0, 3489571)
(1, 3993878)
(2, 2715159)
(3, 3670623)
(4, 4253501)
(5, 7438003)
(6, 49)
(7, 49)
(8, 38)
(9, 29)
(10, 380)
(11, 36)
--------------------------------------
DisperseRow Vec 1:
(0, 3489571)
(1, 3993878)
(2, 2715159)
(3, 3670623)
(4, 4253501)
(5, 7438003)
(6, 49)
(7, 49)
(8, 38)
(9, 29)
(10, 380)
(11, 36)
--------------------------------------
Row List 1:
(12, 3489571)
(13, 3993878)
(14, 2715159)
(15, 3670623)
(16, 4253501)
(17, 7438003)
(18, 49)
(19, 49)
(20, 38)
(21, 29)
(22, 380)
(23, 36)
--------------------------------------
DisperseRow List 1:
(0, 3489571)
(1, 3993878)
(2, 2715159)
(3, 3670623)
(4, 4253501)
(5, 7438003)
(6, 49)
(7, 49)
(8, 38)
(9, 29)
(10, 380)
(11, 36)
--------------------------------------
Col Vec 1:
(0, 3490344)
(1, 3993878)
(2, 2714855)
(3, 3671955)
(4, 4253750)
(5, 7437980)
(6, 49)
(7, 33)
(8, 1)
(9, 15)
(10, 272)
(11, 45)
--------------------------------------
DisperseCol Vec 1:
(0, 3490344)
(1, 3993878)
(2, 2714855)
(3, 3671955)
(4, 4253750)
(5, 7437980)
(6, 49)
(7, 33)
(8, 1)
(9, 15)
(10, 272)
(11, 45)
--------------------------------------
Col List 1:
(1, 3490344)
(13, 3993878)
(25, 2714855)
(37, 3671955)
(49, 4253750)
(61, 7437980)
(73, 49)
(85, 33)
(97, 1)
(109, 15)
(121, 272)
(133, 45)
--------------------------------------
DisperseCol List 1:
(0, 3490344)
(1, 3993878)
(2, 2714855)
(3, 3671955)
(4, 4253750)
(5, 7437980)
(6, 49)
(7, 33)
(8, 1)
(9, 15)
(10, 272)
(11, 45)
--------------------------------------
Row Vec 11:
(0, 41)
(1, 45)
(2, 21)
(3, 44)
(4, 45)
(5, 8)
(6, 22)
(7, 33)
(8, 18)
(9, 44)
(10, 36)
(11, 3)
--------------------------------------
DisperseRow Vec 11:
(0, 41)
(1, 45)
(2, 21)
(3, 44)
(4, 45)
(5, 8)
(6, 22)
(7, 33)
(8, 18)
(9, 44)
(10, 36)
(11, 3)
--------------------------------------
Row List 11:
(132, 41)
(133, 45)
(134, 21)
(135, 44)
(136, 45)
(137, 8)
(138, 22)
(139, 33)
(140, 18)
(141, 44)
(142, 36)
(143, 3)
--------------------------------------
DisperseRow List 11:
(0, 41)
(1, 45)
(2, 21)
(3, 44)
(4, 45)
(5, 8)
(6, 22)
(7, 33)
(8, 18)
(9, 44)
(10, 36)
(11, 3)
--------------------------------------
Col Vec 11:
(0, 39)
(1, 36)
(2, 19)
(3, 2)
(4, 27)
(5, 15)
(6, 42)
(7, 47)
(8, 35)
(9, 11)
(10, 45)
(11, 3)
--------------------------------------
DisperseCol Vec 11:
(0, 39)
(1, 36)
(2, 19)
(3, 2)
(4, 27)
(5, 15)
(6, 42)
(7, 47)
(8, 35)
(9, 11)
(10, 45)
(11, 3)
--------------------------------------
Col List 11:
(11, 39)
(23, 36)
(35, 19)
(47, 2)
(59, 27)
(71, 15)
(83, 42)
(95, 47)
(107, 35)
(119, 11)
(131, 45)
(143, 3)
--------------------------------------
DisperseCol List 11:
(0, 39)
(1, 36)
(2, 19)
(3, 2)
(4, 27)
(5, 15)
(6, 42)
(7, 47)
(8, 35)
(9, 11)
(10, 45)
(11, 3)
--------------------------------------
Row Vec 11:
(0, 41)
(1, 45)
(2, 21)
(3, 44)
(4, 45)
(5, 8)
(6, 22)
(7, 33)
(8, 18)
(9, 44)
(10, 36)
(11, 3)
--------------------------------------
DisperseRow Vec 11:
(0, 41)
(1, 45)
(2, 21)
(3, 44)
(4, 45)
(5, 8)
(6, 22)
(7, 33)
(8, 18)
(9, 44)
(10, 36)
(11, 3)
--------------------------------------
Row List 11:
(132, 41)
(133, 45)
(134, 21)
(135, 44)
(136, 45)
(137, 8)
(138, 22)
(139, 33)
(140, 18)
(141, 44)
(142, 36)
(143, 3)
--------------------------------------
DisperseRow List 11:
(0, 41)
(1, 45)
(2, 21)
(3, 44)
(4, 45)
(5, 8)
(6, 22)
(7, 33)
(8, 18)
(9, 44)
(10, 36)
(11, 3)
--------------------------------------
Col Vec 11:
(0, 39)
(1, 36)
(2, 19)
(3, 2)
(4, 27)
(5, 15)
(6, 42)
(7, 47)
(8, 35)
(9, 11)
(10, 45)
(11, 3)
--------------------------------------
DisperseCol Vec 11:
(0, 39)
(1, 36)
(2, 19)
(3, 2)
(4, 27)
(5, 15)
(6, 42)
(7, 47)
(8, 35)
(9, 11)
(10, 45)
(11, 3)
--------------------------------------
Col List 11:
(11, 39)
(23, 36)
(35, 19)
(47, 2)
(59, 27)
(71, 15)
(83, 42)
(95, 47)
(107, 35)
(119, 11)
(131, 45)
(143, 3)
--------------------------------------
DisperseCol List 11:
(0, 39)
(1, 36)
(2, 19)
(3, 2)
(4, 27)
(5, 15)
(6, 42)
(7, 47)
(8, 35)
(9, 11)
(10, 45)
(11, 3)
--------------------------------------
Row Vec 11:
(0, 41)
(1, 45)
(2, 21)
(3, 44)
(4, 45)
(5, 8)
(6, 22)
(7, 33)
(8, 18)
(9, 44)
(10, 36)
(11, 3)
--------------------------------------
DisperseRow Vec 11:
(0, 41)
(1, 45)
(2, 21)
(3, 44)
(4, 45)
(5, 8)
(6, 22)
(7, 33)
(8, 18)
(9, 44)
(10, 36)
(11, 3)
--------------------------------------
Row List 11:
(132, 41)
(133, 45)
(134, 21)
(135, 44)
(136, 45)
(137, 8)
(138, 22)
(139, 33)
(140, 18)
(141, 44)
(142, 36)
(143, 3)
--------------------------------------
DisperseRow List 11:
(0, 41)
(1, 45)
(2, 21)
(3, 44)
(4, 45)
(5, 8)
(6, 22)
(7, 33)
(8, 18)
(9, 44)
(10, 36)
(11, 3)
--------------------------------------
Col Vec 11:
(0, 39)
(1, 36)
(2, 19)
(3, 2)
(4, 27)
(5, 15)
(6, 42)
(7, 47)
(8, 35)
(9, 11)
(10, 45)
(11, 3)
--------------------------------------
DisperseCol Vec 11:
(0, 39)
(1, 36)
(2, 19)
(3, 2)
(4, 27)
(5, 15)
(6, 42)
(7, 47)
(8, 35)
(9, 11)
(10, 45)
(11, 3)
--------------------------------------
Col List 11:
(11, 39)
(23, 36)
(35, 19)
(47, 2)
(59, 27)
(71, 15)
(83, 42)
(95, 47)
(107, 35)
(119, 11)
(131, 45)
(143, 3)
--------------------------------------
DisperseCol List 11:
(0, 39)
(1, 36)
(2, 19)
(3, 2)
(4, 27)
(5, 15)
(6, 42)
(7, 47)
(8, 35)
(9, 11)
(10, 45)
(11, 3)
--------------------------------------
Row Vec 10:
(0, 742)
(1, 272)
(2, 975)
(3, 897)
(4, 10)
(5, 48)
(6, 39)
(7, 14)
(8, 32)
(9, 27)
(10, 7)
(11, 45)
--------------------------------------
DisperseRow Vec 10:
(0, 742)
(1, 272)
(2, 975)
(3, 897)
(4, 10)
(5, 48)
(6, 39)
(7, 14)
(8, 32)
(9, 27)
(10, 7)
(11, 45)
--------------------------------------
Row List 10:
(120, 742)
(121, 272)
(122, 975)
(123, 897)
(124, 10)
(125, 48)
(126, 39)
(127, 14)
(128, 32)
(129, 27)
(130, 7)
(131, 45)
--------------------------------------
DisperseRow List 10:
(0, 742)
(1, 272)
(2, 975)
(3, 897)
(4, 10)
(5, 48)
(6, 39)
(7, 14)
(8, 32)
(9, 27)
(10, 7)
(11, 45)
--------------------------------------
Col Vec 10:
(0, 1144)
(1, 380)
(2, 1463)
(3, 1353)
(4, 8)
(5, 22)
(6, 33)
(7, 9)
(8, 26)
(9, 16)
(10, 7)
(11, 36)
--------------------------------------
DisperseCol Vec 10:
(0, 1144)
(1, 380)
(2, 1463)
(3, 1353)
(4, 8)
(5, 22)
(6, 33)
(7, 9)
(8, 26)
(9, 16)
(10, 7)
(11, 36)
--------------------------------------
Col List 10:
(10, 1144)
(22, 380)
(34, 1463)
(46, 1353)
(58, 8)
(70, 22)
(82, 33)
(94, 9)
(106, 26)
(118, 16)
(130, 7)
(142, 36)
--------------------------------------
DisperseCol List 10:
(0, 1144)
(1, 380)
(2, 1463)
(3, 1353)
(4, 8)
(5, 22)
(6, 33)
(7, 9)
(8, 26)
(9, 16)
(10, 7)
(11, 36)
--------------------------------------
Row Vec 3:
(0, 16635684)
(1, 3671955)
(2, 8066730)
(3, 16804634)
(4, 9029940)
(5, 8049019)
(6, 49)
(7, 45)
(8, 1454)
(9, 1765)
(10, 1353)
(11, 2)
--------------------------------------
DisperseRow Vec 3:
(0, 16635684)
(1, 3671955)
(2, 8066730)
(3, 16804634)
(4, 9029940)
(5, 8049019)
(6, 49)
(7, 45)
(8, 1454)
(9, 1765)
(10, 1353)
(11, 2)
--------------------------------------
Row List 3:
(36, 16635684)
(37, 3671955)
(38, 8066730)
(39, 16804634)
(40, 9029940)
(41, 8049019)
(42, 49)
(43, 45)
(44, 1454)
(45, 1765)
(46, 1353)
(47, 2)
--------------------------------------
DisperseRow List 3:
(0, 16635684)
(1, 3671955)
(2, 8066730)
(3, 16804634)
(4, 9029940)
(5, 8049019)
(6, 49)
(7, 45)
(8, 1454)
(9, 1765)
(10, 1353)
(11, 2)
--------------------------------------
Col Vec 3:
(0, 16635628)
(1, 3670623)
(2, 8066518)
(3, 16804634)
(4, 9031284)
(5, 8049058)
(6, 20)
(7, 1)
(8, 953)
(9, 1170)
(10, 897)
(11, 44)
--------------------------------------
DisperseCol Vec 3:
(0, 16635628)
(1, 3670623)
(2, 8066518)
(3, 16804634)
(4, 9031284)
(5, 8049058)
(6, 20)
(7, 1)
(8, 953)
(9, 1170)
(10, 897)
(11, 44)
--------------------------------------
Col List 3:
(3, 16635628)
(15, 3670623)
(27, 8066518)
(39, 16804634)
(51, 9031284)
(63, 8049058)
(75, 20)
(87, 1)
(99, 953)
(111, 1170)
(123, 897)
(135, 44)
--------------------------------------
DisperseCol List 3:
(0, 16635628)
(1, 3670623)
(2, 8066518)
(3, 16804634)
(4, 9031284)
(5, 8049058)
(6, 20)
(7, 1)
(8, 953)
(9, 1170)
(10, 897)
(11, 44)
--------------------------------------
Row Vec 2:
(0, 6413786)
(1, 2714855)
(2, 7466056)
(3, 8066518)
(4, 5281369)
(5, 6035838)
(6, 13)
(7, 590)
(8, 32)
(9, 2082)
(10, 1463)
(11, 19)
--------------------------------------
DisperseRow Vec 2:
(0, 6413786)
(1, 2714855)
(2, 7466056)
(3, 8066518)
(4, 5281369)
(5, 6035838)
(6, 13)
(7, 590)
(8, 32)
(9, 2082)
(10, 1463)
(11, 19)
--------------------------------------
Row List 2:
(24, 6413786)
(25, 2714855)
(26, 7466056)
(27, 8066518)
(28, 5281369)
(29, 6035838)
(30, 13)
(31, 590)
(32, 32)
(33, 2082)
(34, 1463)
(35, 19)
--------------------------------------
DisperseRow List 2:
(0, 6413786)
(1, 2714855)
(2, 7466056)
(3, 8066518)
(4, 5281369)
(5, 6035838)
(6, 13)
(7, 590)
(8, 32)
(9, 2082)
(10, 1463)
(11, 19)
--------------------------------------
Col Vec 2:
(0, 6415466)
(1, 2715159)
(2, 7466056)
(3, 8066730)
(4, 5282030)
(5, 6035859)
(6, 48)
(7, 390)
(8, 27)
(9, 1351)
(10, 975)
(11, 21)
--------------------------------------
DisperseCol Vec 2:
(0, 6415466)
(1, 2715159)
(2, 7466056)
(3, 8066730)
(4, 5282030)
(5, 6035859)
(6, 48)
(7, 390)
(8, 27)
(9, 1351)
(10, 975)
(11, 21)
--------------------------------------
Col List 2:
(2, 6415466)
(14, 2715159)
(26, 7466056)
(38, 8066730)
(50, 5282030)
(62, 6035859)
(74, 48)
(86, 390)
(98, 27)
(110, 1351)
(122, 975)
(134, 21)
--------------------------------------
DisperseCol List 2:
(0, 6415466)
(1, 2715159)
(2, 7466056)
(3, 8066730)
(4, 5282030)
(5, 6035859)
(6, 48)
(7, 390)
(8, 27)
(9, 1351)
(10, 975)
(11, 21)
--------------------------------------
Row Vec 9:
(0, 430)
(1, 15)
(2, 1351)
(3, 1170)
(4, 25)
(5, 1028)
(6, 4)
(7, 12)
(8, 9)
(9, 21)
(10, 16)
(11, 11)
--------------------------------------
DisperseRow Vec 9:
(0, 430)
(1, 15)
(2, 1351)
(3, 1170)
(4, 25)
(5, 1028)
(6, 4)
(7, 12)
(8, 9)
(9, 21)
(10, 16)
(11, 11)
--------------------------------------
Row List 9:
(108, 430)
(109, 15)
(110, 1351)
(111, 1170)
(112, 25)
(113, 1028)
(114, 4)
(115, 12)
(116, 9)
(117, 21)
(118, 16)
(119, 11)
--------------------------------------
DisperseRow List 9:
(0, 430)
(1, 15)
(2, 1351)
(3, 1170)
(4, 25)
(5, 1028)
(6, 4)
(7, 12)
(8, 9)
(9, 21)
(10, 16)
(11, 11)
--------------------------------------
Col Vec 9:
(0, 627)
(1, 29)
(2, 2082)
(3, 1765)
(4, 45)
(5, 1574)
(6, 31)
(7, 10)
(8, 39)
(9, 21)
(10, 27)
(11, 44)
--------------------------------------
DisperseCol Vec 9:
(0, 627)
(1, 29)
(2, 2082)
(3, 1765)
(4, 45)
(5, 1574)
(6, 31)
(7, 10)
(8, 39)
(9, 21)
(10, 27)
(11, 44)
--------------------------------------
Col List 9:
(9, 627)
(21, 29)
(33, 2082)
(45, 1765)
(57, 45)
(69, 1574)
(81, 31)
(93, 10)
(105, 39)
(117, 21)
(129, 27)
(141, 44)
--------------------------------------
DisperseCol List 9:
(0, 627)
(1, 29)
(2, 2082)
(3, 1765)
(4, 45)
(5, 1574)
(6, 31)
(7, 10)
(8, 39)
(9, 21)
(10, 27)
(11, 44)
--------------------------------------
Row Vec 10:
(0, 742)
(1, 272)
(2, 975)
(3, 897)
(4, 10)
(5, 48)
(6, 39)
(7, 14)
(8, 32)
(9, 27)
(10, 7)
(11, 45)
--------------------------------------
DisperseRow Vec 10:
(0, 742)
(1, 272)
(2, 975)
(3, 897)
(4, 10)
(5, 48)
(6, 39)
(7, 14)
(8, 32)
(9, 27)
(10, 7)
(11, 45)
--------------------------------------
Row List 10:
(120, 742)
(121, 272)
(122, 975)
(123, 897)
(124, 10)
(125, 48)
(126, 39)
(127, 14)
(128, 32)
(129, 27)
(130, 7)
(131, 45)
--------------------------------------
DisperseRow List 10:
(0, 742)
(1, 272)
(2, 975)
(3, 897)
(4, 10)
(5, 48)
(6, 39)
(7, 14)
(8, 32)
(9, 27)
(10, 7)
(11, 45)
--------------------------------------
Col Vec 10:
(0, 1144)
(1, 380)
(2, 1463)
(3, 1353)
(4, 8)
(5, 22)
(6, 33)
(7, 9)
(8, 26)
(9, 16)
(10, 7)
(11, 36)
--------------------------------------
DisperseCol Vec 10:
(0, 1144)
(1, 380)
(2, 1463)
(3, 1353)
(4, 8)
(5, 22)
(6, 33)
(7, 9)
(8, 26)
(9, 16)
(10, 7)
(11, 36)
--------------------------------------
Col List 10:
(10, 1144)
(22, 380)
(34, 1463)
(46, 1353)
(58, 8)
(70, 22)
(82, 33)
(94, 9)
(106, 26)
(118, 16)
(130, 7)
(142, 36)
--------------------------------------
DisperseCol List 10:
(0, 1144)
(1, 380)
(2, 1463)
(3, 1353)
(4, 8)
(5, 22)
(6, 33)
(7, 9)
(8, 26)
(9, 16)
(10, 7)
(11, 36)
--------------------------------------
Row Vec 4:
(0, 6482219)
(1, 4253750)
(2, 5282030)
(3, 9031284)
(4, 12183186)
(5, 6025304)
(6, 48)
(7, 18)
(8, 12)
(9, 45)
(10, 8)
(11, 27)
--------------------------------------
DisperseRow Vec 4:
(0, 6482219)
(1, 4253750)
(2, 5282030)
(3, 9031284)
(4, 12183186)
(5, 6025304)
(6, 48)
(7, 18)
(8, 12)
(9, 45)
(10, 8)
(11, 27)
--------------------------------------
Row List 4:
(48, 6482219)
(49, 4253750)
(50, 5282030)
(51, 9031284)
(52, 12183186)
(53, 6025304)
(54, 48)
(55, 18)
(56, 12)
(57, 45)
(58, 8)
(59, 27)
--------------------------------------
DisperseRow List 4:
(0, 6482219)
(1, 4253750)
(2, 5282030)
(3, 9031284)
(4, 12183186)
(5, 6025304)
(6, 48)
(7, 18)
(8, 12)
(9, 45)
(10, 8)
(11, 27)
--------------------------------------
Col Vec 4:
(0, 6482156)
(1, 4253501)
(2, 5281369)
(3, 9029940)
(4, 12183186)
(5, 6026939)
(6, 46)
(7, 9)
(8, 47)
(9, 25)
(10, 10)
(11, 45)
--------------------------------------
DisperseCol Vec 4:
(0, 6482156)
(1, 4253501)
(2, 5281369)
(3, 9029940)
(4, 12183186)
(5, 6026939)
(6, 46)
(7, 9)
(8, 47)
(9, 25)
(10, 10)
(11, 45)
--------------------------------------
Col List 4:
(4, 6482156)
(16, 4253501)
(28, 5281369)
(40, 9029940)
(52, 12183186)
(64, 6026939)
(76, 46)
(88, 9)
(100, 47)
(112, 25)
(124, 10)
(136, 45)
--------------------------------------
DisperseCol List 4:
(0, 6482156)
(1, 4253501)
(2, 5281369)
(3, 9029940)
(4, 12183186)
(5, 6026939)
(6, 46)
(7, 9)
(8, 47)
(9, 25)
(10, 10)
(11, 45)
--------------------------------------
Row Vec 5:
(0, 10991925)
(1, 7437980)
(2, 6035859)
(3, 8049058)
(4, 6026939)
(5, 15666702)
(6, 23)
(7, 27)
(8, 775)
(9, 1574)
(10, 22)
(11, 15)
--------------------------------------
DisperseRow Vec 5:
(0, 10991925)
(1, 7437980)
(2, 6035859)
(3, 8049058)
(4, 6026939)
(5, 15666702)
(6, 23)
(7, 27)
(8, 775)
(9, 1574)
(10, 22)
(11, 15)
--------------------------------------
Row List 5:
(60, 10991925)
(61, 7437980)
(62, 6035859)
(63, 8049058)
(64, 6026939)
(65, 15666702)
(66, 23)
(67, 27)
(68, 775)
(69, 1574)
(70, 22)
(71, 15)
--------------------------------------
DisperseRow List 5:
(0, 10991925)
(1, 7437980)
(2, 6035859)
(3, 8049058)
(4, 6026939)
(5, 15666702)
(6, 23)
(7, 27)
(8, 775)
(9, 1574)
(10, 22)
(11, 15)
--------------------------------------
Col Vec 5:
(0, 10992514)
(1, 7438003)
(2, 6035838)
(3, 8049019)
(4, 6025304)
(5, 15666702)
(6, 25)
(7, 32)
(8, 526)
(9, 1028)
(10, 48)
(11, 8)
--------------------------------------
DisperseCol Vec 5:
(0, 10992514)
(1, 7438003)
(2, 6035838)
(3, 8049019)
(4, 6025304)
(5, 15666702)
(6, 25)
(7, 32)
(8, 526)
(9, 1028)
(10, 48)
(11, 8)
--------------------------------------
Col List 5:
(5, 10992514)
(17, 7438003)
(29, 6035838)
(41, 8049019)
(53, 6025304)
(65, 15666702)
(77, 25)
(89, 32)
(101, 526)
(113, 1028)
(125, 48)
(137, 8)
--------------------------------------
DisperseCol List 5:
(0, 10992514)
(1, 7438003)
(2, 6035838)
(3, 8049019)
(4, 6025304)
(5, 15666702)
(6, 25)
(7, 32)
(8, 526)
(9, 1028)
(10, 48)
(11, 8)
--------------------------------------
Row Vec 5:
(0, 10991925)
(1, 7437980)
(2, 6035859)
(3, 8049058)
(4, 6026939)
(5, 15666702)
(6, 23)
(7, 27)
(8, 775)
(9, 1574)
(10, 22)
(11, 15)
--------------------------------------
DisperseRow Vec 5:
(0, 10991925)
(1, 7437980)
(2, 6035859)
(3, 8049058)
(4, 6026939)
(5, 15666702)
(6, 23)
(7, 27)
(8, 775)
(9, 1574)
(10, 22)
(11, 15)
--------------------------------------
Row List 5:
(60, 10991925)
(61, 7437980)
(62, 6035859)
(63, 8049058)
(64, 6026939)
(65, 15666702)
(66, 23)
(67, 27)
(68, 775)
(69, 1574)
(70, 22)
(71, 15)
--------------------------------------
DisperseRow List 5:
(0, 10991925)
(1, 7437980)
(2, 6035859)
(3, 8049058)
(4, 6026939)
(5, 15666702)
(6, 23)
(7, 27)
(8, 775)
(9, 1574)
(10, 22)
(11, 15)
--------------------------------------
Col Vec 5:
(0, 10992514)
(1, 7438003)
(2, 6035838)
(3, 8049019)
(4, 6025304)
(5, 15666702)
(6, 25)
(7, 32)
(8, 526)
(9, 1028)
(10, 48)
(11, 8)
--------------------------------------
DisperseCol Vec 5:
(0, 10992514)
(1, 7438003)
(2, 6035838)
(3, 8049019)
(4, 6025304)
(5, 15666702)
(6, 25)
(7, 32)
(8, 526)
(9, 1028)
(10, 48)
(11, 8)
--------------------------------------
Col List 5:
(5, 10992514)
(17, 7438003)
(29, 6035838)
(41, 8049019)
(53, 6025304)
(65, 15666702)
(77, 25)
(89, 32)
(101, 526)
(113, 1028)
(125, 48)
(137, 8)
--------------------------------------
DisperseCol List 5:
(0, 10992514)
(1, 7438003)
(2, 6035838)
(3, 8049019)
(4, 6025304)
(5, 15666702)
(6, 25)
(7, 32)
(8, 526)
(9, 1028)
(10, 48)
(11, 8)
--------------------------------------
Row Vec 7:
(0, 141)
(1, 33)
(2, 390)
(3, 1)
(4, 9)
(5, 32)
(6, 17)
(7, 23)
(8, 3)
(9, 10)
(10, 9)
(11, 47)
--------------------------------------
DisperseRow Vec 7:
(0, 141)
(1, 33)
(2, 390)
(3, 1)
(4, 9)
(5, 32)
(6, 17)
(7, 23)
(8, 3)
(9, 10)
(10, 9)
(11, 47)
--------------------------------------
Row List 7:
(84, 141)
(85, 33)
(86, 390)
(87, 1)
(88, 9)
(89, 32)
(90, 17)
(91, 23)
(92, 3)
(93, 10)
(94, 9)
(95, 47)
--------------------------------------
DisperseRow List 7:
(0, 141)
(1, 33)
(2, 390)
(3, 1)
(4, 9)
(5, 32)
(6, 17)
(7, 23)
(8, 3)
(9, 10)
(10, 9)
(11, 47)
--------------------------------------
Col Vec 7:
(0, 199)
(1, 49)
(2, 590)
(3, 45)
(4, 18)
(5, 27)
(6, 28)
(7, 23)
(8, 25)
(9, 12)
(10, 14)
(11, 33)
--------------------------------------
DisperseCol Vec 7:
(0, 199)
(1, 49)
(2, 590)
(3, 45)
(4, 18)
(5, 27)
(6, 28)
(7, 23)
(8, 25)
(9, 12)
(10, 14)
(11, 33)
--------------------------------------
Col List 7:
(7, 199)
(19, 49)
(31, 590)
(43, 45)
(55, 18)
(67, 27)
(79, 28)
(91, 23)
(103, 25)
(115, 12)
(127, 14)
(139, 33)
--------------------------------------
DisperseCol List 7:
(0, 199)
(1, 49)
(2, 590)
(3, 45)
(4, 18)
(5, 27)
(6, 28)
(7, 23)
(8, 25)
(9, 12)
(10, 14)
(11, 33)
--------------------------------------
Row Vec 1:
(0, 3489571)
(1, 3993878)
(2, 2715159)
(3, 3670623)
(4, 4253501)
(5, 7438003)
(6, 49)
(7, 49)
(8, 38)
(9, 29)
(10, 380)
(11, 36)
--------------------------------------
DisperseRow Vec 1:
(0, 3489571)
(1, 3993878)
(2, 2715159)
(3, 3670623)
(4, 4253501)
(5, 7438003)
(6, 49)
(7, 49)
(8, 38)
(9, 29)
(10, 380)
(11, 36)
--------------------------------------
Row List 1:
(12, 3489571)
(13, 3993878)
(14, 2715159)
(15, 3670623)
(16, 4253501)
(17, 7438003)
(18, 49)
(19, 49)
(20, 38)
(21, 29)
(22, 380)
(23, 36)
--------------------------------------
DisperseRow List 1:
(0, 3489571)
(1, 3993878)
(2, 2715159)
(3, 3670623)
(4, 4253501)
(5, 7438003)
(6, 49)
(7, 49)
(8, 38)
(9, 29)
(10, 380)
(11, 36)
--------------------------------------
Col Vec 1:
(0, 3490344)
(1, 3993878)
(2, 2714855)
(3, 3671955)
(4, 4253750)
(5, 7437980)
(6, 49)
(7, 33)
(8, 1)
(9, 15)
(10, 272)
(11, 45)
--------------------------------------
DisperseCol Vec 1:
(0, 3490344)
(1, 3993878)
(2, 2714855)
(3, 3671955)
(4, 4253750)
(5, 7437980)
(6, 49)
(7, 33)
(8, 1)
(9, 15)
(10, 272)
(11, 45)
--------------------------------------
Col List 1:
(1, 3490344)
(13, 3993878)
(25, 2714855)
(37, 3671955)
(49, 4253750)
(61, 7437980)
(73, 49)
(85, 33)
(97, 1)
(109, 15)
(121, 272)
(133, 45)
--------------------------------------
DisperseCol List 1:
(0, 3490344)
(1, 3993878)
(2, 2714855)
(3, 3671955)
(4, 4253750)
(5, 7437980)
(6, 49)
(7, 33)
(8, 1)
(9, 15)
(10, 272)
(11, 45)
--------------------------------------
Row Vec 3:
(0, 16635684)
(1, 3671955)
(2, 8066730)
(3, 16804634)
(4, 9029940)
(5, 8049019)
(6, 49)
(7, 45)
(8, 1454)
(9, 1765)
(10, 1353)
(11, 2)
--------------------------------------
DisperseRow Vec 3:
(0, 16635684)
(1, 3671955)
(2, 8066730)
(3, 16804634)
(4, 9029940)
(5, 8049019)
(6, 49)
(7, 45)
(8, 1454)
(9, 1765)
(10, 1353)
(11, 2)
--------------------------------------
Row List 3:
(36, 16635684)
(37, 3671955)
(38, 8066730)
(39, 16804634)
(40, 9029940)
(41, 8049019)
(42, 49)
(43, 45)
(44, 1454)
(45, 1765)
(46, 1353)
(47, 2)
--------------------------------------
DisperseRow List 3:
(0, 16635684)
(1, 3671955)
(2, 8066730)
(3, 16804634)
(4, 9029940)
(5, 8049019)
(6, 49)
(7, 45)
(8, 1454)
(9, 1765)
(10, 1353)
(11, 2)
--------------------------------------
Col Vec 3:
(0, 16635628)
(1, 3670623)
(2, 8066518)
(3, 16804634)
(4, 9031284)
(5, 8049058)
(6, 20)
(7, 1)
(8, 953)
(9, 1170)
(10, 897)
(11, 44)
--------------------------------------
DisperseCol Vec 3:
(0, 16635628)
(1, 3670623)
(2, 8066518)
(3, 16804634)
(4, 9031284)
(5, 8049058)
(6, 20)
(7, 1)
(8, 953)
(9, 1170)
(10, 897)
(11, 44)
--------------------------------------
Col List 3:
(3, 16635628)
(15, 3670623)
(27, 8066518)
(39, 16804634)
(51, 9031284)
(63, 8049058)
(75, 20)
(87, 1)
(99, 953)
(111, 1170)
(123, 897)
(135, 44)
--------------------------------------
DisperseCol List 3:
(0, 16635628)
(1, 3670623)
(2, 8066518)
(3, 16804634)
(4, 9031284)
(5, 8049058)
(6, 20)
(7, 1)
(8, 953)
(9, 1170)
(10, 897)
(11, 44)
--------------------------------------
Row Vec 9:
(0, 430)
(1, 15)
(2, 1351)
(3, 1170)
(4, 25)
(5, 1028)
(6, 4)
(7, 12)
(8, 9)
(9, 21)
(10, 16)
(11, 11)
--------------------------------------
DisperseRow Vec 9:
(0, 430)
(1, 15)
(2, 1351)
(3, 1170)
(4, 25)
(5, 1028)
(6, 4)
(7, 12)
(8, 9)
(9, 21)
(10, 16)
(11, 11)
--------------------------------------
Row List 9:
(108, 430)
(109, 15)
(110, 1351)
(111, 1170)
(112, 25)
(113, 1028)
(114, 4)
(115, 12)
(116, 9)
(117, 21)
(118, 16)
(119, 11)
--------------------------------------
DisperseRow List 9:
(0, 430)
(1, 15)
(2, 1351)
(3, 1170)
(4, 25)
(5, 1028)
(6, 4)
(7, 12)
(8, 9)
(9, 21)
(10, 16)
(11, 11)
--------------------------------------
Col Vec 9:
(0, 627)
(1, 29)
(2, 2082)
(3, 1765)
(4, 45)
(5, 1574)
(6, 31)
(7, 10)
(8, 39)
(9, 21)
(10, 27)
(11, 44)
--------------------------------------
DisperseCol Vec 9:
(0, 627)
(1, 29)
(2, 2082)
(3, 1765)
(4, 45)
(5, 1574)
(6, 31)
(7, 10)
(8, 39)
(9, 21)
(10, 27)
(11, 44)
--------------------------------------
Col List 9:
(9, 627)
(21, 29)
(33, 2082)
(45, 1765)
(57, 45)
(69, 1574)
(81, 31)
(93, 10)
(105, 39)
(117, 21)
(129, 27)
(141, 44)
--------------------------------------
DisperseCol List 9:
(0, 627)
(1, 29)
(2, 2082)
(3, 1765)
(4, 45)
(5, 1574)
(6, 31)
(7, 10)
(8, 39)
(9, 21)
(10, 27)
(11, 44)
--------------------------------------
Row Vec 2:
(0, 6413786)
(1, 2714855)
(2, 7466056)
(3, 8066518)
(4, 5281369)
(5, 6035838)
(6, 13)
(7, 590)
(8, 32)
(9, 2082)
(10, 1463)
(11, 19)
--------------------------------------
DisperseRow Vec 2:
(0, 6413786)
(1, 2714855)
(2, 7466056)
(3, 8066518)
(4, 5281369)
(5, 6035838)
(6, 13)
(7, 590)
(8, 32)
(9, 2082)
(10, 1463)
(11, 19)
--------------------------------------
Row List 2:
(24, 6413786)
(25, 2714855)
(26, 7466056)
(27, 8066518)
(28, 5281369)
(29, 6035838)
(30, 13)
(31, 590)
(32, 32)
(33, 2082)
(34, 1463)
(35, 19)
--------------------------------------
DisperseRow List 2:
(0, 6413786)
(1, 2714855)
(2, 7466056)
(3, 8066518)
(4, 5281369)
(5, 6035838)
(6, 13)
(7, 590)
(8, 32)
(9, 2082)
(10, 1463)
(11, 19)
--------------------------------------
Col Vec 2:
(0, 6415466)
(1, 2715159)
(2, 7466056)
(3, 8066730)
(4, 5282030)
(5, 6035859)
(6, 48)
(7, 390)
(8, 27)
(9, 1351)
(10, 975)
(11, 21)
--------------------------------------
DisperseCol Vec 2:
(0, 6415466)
(1, 2715159)
(2, 7466056)
(3, 8066730)
(4, 5282030)
(5, 6035859)
(6, 48)
(7, 390)
(8, 27)
(9, 1351)
(10, 975)
(11, 21)
--------------------------------------
Col List 2:
(2, 6415466)
(14, 2715159)
(26, 7466056)
(38, 8066730)
(50, 5282030)
(62, 6035859)
(74, 48)
(86, 390)
(98, 27)
(110, 1351)
(122, 975)
(134, 21)
--------------------------------------
DisperseCol List 2:
(0, 6415466)
(1, 2715159)
(2, 7466056)
(3, 8066730)
(4, 5282030)
(5, 6035859)
(6, 48)
(7, 390)
(8, 27)
(9, 1351)
(10, 975)
(11, 21)
--------------------------------------
Row Vec 2:
(0, 6413786)
(1, 2714855)
(2, 7466056)
(3, 8066518)
(4, 5281369)
(5, 6035838)
(6, 13)
(7, 590)
(8, 32)
(9, 2082)
(10, 1463)
(11, 19)
--------------------------------------
DisperseRow Vec 2:
(0, 6413786)
(1, 2714855)
(2, 7466056)
(3, 8066518)
(4, 5281369)
(5, 6035838)
(6, 13)
(7, 590)
(8, 32)
(9, 2082)
(10, 1463)
(11, 19)
--------------------------------------
Row List 2:
(24, 6413786)
(25, 2714855)
(26, 7466056)
(27, 8066518)
(28, 5281369)
(29, 6035838)
(30, 13)
(31, 590)
(32, 32)
(33, 2082)
(34, 1463)
(35, 19)
--------------------------------------
DisperseRow List 2:
(0, 6413786)
(1, 2714855)
(2, 7466056)
(3, 8066518)
(4, 5281369)
(5, 6035838)
(6, 13)
(7, 590)
(8, 32)
(9, 2082)
(10, 1463)
(11, 19)
--------------------------------------
Col Vec 2:
(0, 6415466)
(1, 2715159)
(2, 7466056)
(3, 8066730)
(4, 5282030)
(5, 6035859)
(6, 48)
(7, 390)
(8, 27)
(9, 1351)
(10, 975)
(11, 21)
--------------------------------------
DisperseCol Vec 2:
(0, 6415466)
(1, 2715159)
(2, 7466056)
(3, 8066730)
(4, 5282030)
(5, 6035859)
(6, 48)
(7, 390)
(8, 27)
(9, 1351)
(10, 975)
(11, 21)
--------------------------------------
Col List 2:
(2, 6415466)
(14, 2715159)
(26, 7466056)
(38, 8066730)
(50, 5282030)
(62, 6035859)
(74, 48)
(86, 390)
(98, 27)
(110, 1351)
(122, 975)
(134, 21)
--------------------------------------
DisperseCol List 2:
(0, 6415466)
(1, 2715159)
(2, 7466056)
(3, 8066730)
(4, 5282030)
(5, 6035859)
(6, 48)
(7, 390)
(8, 27)
(9, 1351)
(10, 975)
(11, 21)

Matriz 1:
0, 17, 3, 12, 0, 48, 8, 23, 0
0, 0, 43, 31, 5, 0, 7, 17, 4
18, 26, 0, 0, 3, 40, 0, 0, 45
0, 25, 0, 5, 0, 0, 32, 38, 31
0, 30, 0, 31, 0, 0, 47, 19, 0
15, 17, 40, 0, 0, 6, 0, 0, 6
Matriz 2:
0, 17, 3, 12, 0, 48, 8, 23, 0
0, 0, 43, 31, 5, 0, 7, 17, 4
18, 26, 0, 0, 3, 40, 0, 0, 45
0, 25, 0, 5, 0, 0, 32, 38, 31
0, 30, 0, 31, 0, 0, 47, 19, 0
15, 17, 40, 0, 0, 6, 0, 0, 6
Max: 48
0
0
40
31
12
17
0
0
5
0
25
25
15
0
38
0
0
12
0---17---3---12---0---48---8---23---0
0---26---43---31---5---0---7---17---4
18---26---0---12---3---33---14---0---17
0---25---0---5---0---0---32---29---31
0---30---0---31---0---0---47---19---30
15---17---40---0---0---6---0---25---6
Max: 48
0 119 78 276 0 288 112 1012 0
0 0 1118 713 145 0 98 748 156
396 182 0 0 87 240 0 0 1755
0 175 0 115 0 0 448 1672 1209
0 210 0 713 0 0 658 836 0
330 119 1040 0 0 36 0 0 234
0,0,396,0,0,330
119,0,182,175,210,119
78,1118,0,0,0,1040
276,713,0,115,713,0
0,145,87,0,0,0
288,0,240,0,0,36
112,98,0,448,658,0
1012,748,0,1672,836,0
0,156,1755,1209,0,234
0  119  78  276  0  288  112  1012  0
0  0  1118  713  145  0  98  748  156
396  182  0  0  87  240  0  0  1755
0  175  0  115  0  0  448  1672  1209
0  210  0  713  0  0  658  836  0
330  119  1040  0  0  36  0  0  234
d y d4 son iguales
d y d2 son diferentes
0, 119, 78, 276, 0, 288, 112, 1012, 0
0, 0, 1118, 713, 145, 0, 98, 748, 156
396, 8, 0, 0, 87, 240, 0, 0, 1755
0, 175, 0, 115, 35, 0, 448, 1672, 1209
1, 210, 0, 713, 0, 20, 658, 836, 0
330, 119, 8, 10, 0, 36, 0, 0, 234
Result:
0 . 238 . 156 . 552 . 0 . 576 . 224 . 2024 . 0
0 . 0 . 2236 . 1426 . 290 . 0 . 196 . 1496 . 312
792 . 190 . 0 . 0 . 174 . 480 . 0 . 0 . 3510
0 . 350 . 0 . 230 . 35 . 0 . 896 . 3344 . 2418
1 . 420 . 0 . 1426 . 0 . 20 . 1316 . 1672 . 0
660 . 238 . 1048 . 10 . 0 . 72 . 0 . 0 . 468
0,0,792,0,1,660
238,0,190,350,420,238
156,2236,0,0,0,1048
552,1426,0,230,1426,10
0,290,174,35,0,0
576,0,480,0,20,72
224,196,0,896,1316,0
2024,1496,0,3344,1672,0
0,312,3510,2418,0,468
4864212 * 4207776 * 321700 * 7179220 * 4577544 * 267124
4207776 * 9491048 * 1145580 * 6270786 * 4792724 * 2503604
321700 * 1145580 * 13244140 * 8559770 * 90192 * 2245180
7179220 * 6270786 * 8559770 * 18008501 * 7245284 * 1217224
4577544 * 4792724 * 90192 * 7245284 * 6737717 * 116320
267124 * 2503604 * 2245180 * 1217224 * 116320 * 1814856
1062865, 307980, 691680, 8026, 137808, 427700, 1316, 1672, 3088800
307980, 448288, 286552, 813176, 45310, 253824, 919632, 2354352, 1624584
691680, 286552, 6122336, 3285128, 648440, 165312, 473200, 3660800, 1188096
8026, 813176, 3285128, 4424656, 421590, 347192, 2485840, 6403936, 1005732
137808, 45310, 648440, 421590, 115601, 83520, 88200, 550880, 785850
427700, 253824, 165312, 347192, 83520, 567760, 155344, 1199264, 1718496
1316, 919632, 473200, 2485840, 88200, 155344, 2623264, 5943168, 2227680
1672, 2354352, 3660800, 6403936, 550880, 1199264, 5943168, 20312512, 8552544
3088800, 1624584, 1188096, 1005732, 785850, 1718496, 2227680, 8552544, 18483192
56644---349054---45376---83852---99960---57220---224---2024---0
348816---4999696---52696---329406---2033766---2343328---196---1496---312
46012---50650---627264---66500---966---523200---0---0---3510
83300---328330---66500---122730---147035---83300---896---3344---2418
99961---2033896---792---148426---1---680---1316---1672---0
57304---2343566---523768---83310---660---435672---0---0---468
4864212*4207776*321700*7179220*4577544*267124
4207776*9491048*1145580*6270786*4792724*2503604
321700*1145580*13244140*8559770*90192*2245180
7179220*6270786*8559770*18008501*7245284*1217224
4577544*4792724*90192*7245284*6737717*116320
267124*2503604*2245180*1217224*116320*1814856
Vector:
4864212 4207776 321700 7179220 4577544 267124 
4207776 9491048 1145580 6270786 4792724 2503604 
321700 1145580 13244140 8559770 90192 2245180 
7179220 6270786 8559770 18008501 7245284 1217224 
4577544 4792724 90192 7245284 6737717 116320 
267124 2503604 2245180 1217224 116320 1814856 
4864212...4207776...321700...7179220...4577544...267124
4207776...9491048...1145580...6270786...4792724...2503604
321700...1145580...13244140...8559770...90192...2245180
7179220...6270786...8559770...18008501...7245284...1217224
4577544...4792724...90192...7245284...6737717...116320
267124...2503604...2245180...1217224...116320...1814856
43---[]---31---[]---5---[]---12---[]---13---[]---9---[]---29---[]---43---[]---25---[]---3---[]---16---[]---41
28---[]---3---[]---8---[]---44---[]---32---[]---19---[]---37---[]---21---[]---26---[]---6---[]---37---[]---20
45---[]---5---[]---10---[]---21---[]---38---[]---39---[]---35---[]---18---[]---22---[]---43---[]---4---[]---15
41---[]---31---[]---1---[]---36---[]---6---[]---7---[]---8---[]---42---[]---17---[]---21---[]---21---[]---5
19---[]---11---[]---11---[]---44---[]---43---[]---8---[]---5---[]---23---[]---1---[]---45---[]---5---[]---47
6---[]---19---[]---1---[]---49---[]---41---[]---6---[]---32---[]---1---[]---49---[]---39---[]---49---[]---25
47---[]---41---[]---19---[]---26---[]---35---[]---8---[]---16---[]---47---[]---41---[]---21---[]---33---[]---24
25---[]---12---[]---4---[]---5---[]---3---[]---47---[]---29---[]---34---[]---27---[]---33---[]---29---[]---17
47---[]---30---[]---32---[]---45---[]---0---[]---49---[]---21---[]---8---[]---40---[]---13---[]---48---[]---42
15---[]---11---[]---33---[]---34---[]---9---[]---38---[]---13---[]---27---[]---13---[]---35---[]---11---[]---32
4920899-.-4556997-.-367954-.-7263372-.-4677518-.-325349-.-373-.-3102-.-25-.-3-.-16-.-41
4556858-.-14490773-.-1199635-.-6601330-.-6827092-.-4847189-.-338-.-2282-.-498-.-6-.-37-.-20
368327-.-1198505-.-13871414-.-8626303-.-91286-.-2769740-.-49-.-18-.-5304-.-43-.-4-.-15
7263113-.-6600773-.-8626271-.-18131617-.-7393786-.-1300541-.-1384-.-5087-.-3675-.-21-.-21-.-5
