Matriz 1:
0, 18, 48, 0, 15, 31, 40, 3, 7, 13, 33
0, 0, 10, 40, 34, 0, 0, 0, 0, 0, 11
0, 0, 34, 23, 0, 34, 0, 9, 0, 45, 43
4, 29, 26, 29, 0, 27, 0, 0, 17, 38, 39
37, 7, 20, 44, 0, 0, 0, 0, 0, 0, 0
0, 0, 18, 17, 39, 17, 0, 0, 9, 34, 0
Matriz 2:
0, 18, 48, 0, 15, 31, 40, 3, 7, 13, 33
0, 0, 10, 40, 34, 0, 0, 0, 0, 0, 11
0, 0, 34, 23, 0, 34, 0, 9, 0, 45, 43
4, 29, 26, 29, 0, 27, 0, 0, 17, 38, 39
37, 7, 20, 44, 0, 0, 0, 0, 0, 0, 0
0, 0, 18, 17, 39, 17, 0, 0, 9, 34, 0
Max: 48
0
0
0
7
0
0
0
18
0
0
38
0
0
0
0
0
9
0
40
0---18---48---11---15---31---40---3---7---13---33
0---0---10---40---34---0---0---0---0---0---11
5---0---34---23---24---34---0---9---0---45---43
4---29---26---29---0---27---24---0---17---38---39
37---7---20---44---0---0---0---0---0---0---0
0---0---18---17---39---17---0---0---9---34---0
Max: 49
0 810 1632 0 615 527 120 60 196 195 363
0 0 340 1200 1394 0 0 0 0 0 121
0 0 1156 690 0 578 0 180 0 675 473
128 1305 884 870 0 459 0 0 476 570 429
1184 315 680 1320 0 0 0 0 0 0 0
0 0 612 510 1599 289 0 0 252 510 0
0,0,0,128,1184,0
810,0,0,1305,315,0
1632,340,1156,884,680,612
0,1200,690,870,1320,510
615,1394,0,0,0,1599
527,0,578,459,0,289
120,0,0,0,0,0
60,0,180,0,0,0
196,0,0,476,0,252
195,0,675,570,0,510
363,121,473,429,0,0
0  810  1632  0  615  527  120  60  196  195  363
0  0  340  1200  1394  0  0  0  0  0  121
0  0  1156  690  0  578  0  180  0  675  473
128  1305  884  870  0  459  0  0  476  570  429
1184  315  680  1320  0  0  0  0  0  0  0
0  0  612  510  1599  289  0  0  252  510  0
d y d4 son iguales
d y d2 son diferentes
0, 810, 1632, 0, 615, 527, 120, 60, 196, 195, 363
47, 49, 340, 1200, 1394, 43, 0, 0, 0, 0, 121
0, 34, 1156, 690, 0, 578, 0, 180, 0, 675, 473
128, 1305, 884, 870, 0, 459, 0, 0, 476, 570, 429
1184, 315, 680, 1320, 0, 0, 0, 0, 0, 0, 0
0, 0, 612, 510, 1599, 289, 0, 0, 252, 510, 0
Result:
0 . 1620 . 3264 . 0 . 1259 . 1054 . 240 . 120 . 392 . 390 . 726
47 . 49 . 680 . 2405 . 2813 . 62 . 0 . 0 . 0 . 0 . 242
0 . 34 . 2328 . 1380 . 0 . 1156 . 0 . 360 . 0 . 1350 . 946
286 . 2610 . 1768 . 1740 . 0 . 918 . 0 . 0 . 952 . 1140 . 858
2402 . 630 . 1360 . 2640 . 0 . 0 . 0 . 0 . 0 . 0 . 0
0 . 0 . 1224 . 1020 . 3198 . 617 . 0 . 0 . 504 . 1020 . 0
0,47,0,286,2402,0
1620,49,34,2610,630,0
3264,680,2328,1768,1360,1224
0,2405,1380,1740,2640,1020
1259,2813,0,0,0,3198
1054,62,1156,918,0,617
240,0,0,0,0,0
120,0,360,0,0,0
392,0,0,952,0,504
390,0,1350,1140,0,1020
726,242,946,858,0,0
16878933 * 6081507 * 10128592 * 12407216 * 5459640 * 9267104
6081507 * 14226412 * 5204210 * 5792824 * 7417764 * 12319648
10128592 * 5204210 * 11508492 * 10017720 * 6830700 * 6347324
12407216 * 5792824 * 10017720 * 16832112 * 9329352 * 6147846
5459640 * 7417764 * 6830700 * 9329352 * 14985704 * 4357440
9267104 * 12319648 * 6347324 * 6147846 * 4357440 * 14440885
5853609, 2262023, 3804328, 6951955, 132211, 265462, 0, 0, 272272, 326040, 256762
2262023, 9836957, 10871432, 6369365, 2177417, 4145802, 388800, 206640, 3119760, 3653100, 3459522
3804328, 10871432, 23009280, 12763240, 9936568, 8551816, 783360, 1229760, 3579520, 7679760, 6253456
6951955, 6369365, 12763240, 18726025, 10027225, 3971050, 0, 496800, 2170560, 4887000, 3380410
132211, 2177417, 9936568, 10027225, 19725254, 3474558, 302160, 151080, 2105320, 3752970, 1594780
265462, 4145802, 8551816, 3971050, 3474558, 3674509, 252960, 542640, 1598072, 3647520, 2661428
0, 388800, 783360, 0, 302160, 252960, 57600, 28800, 94080, 93600, 174240
0, 206640, 1229760, 496800, 151080, 542640, 28800, 144000, 47040, 532800, 427680
272272, 3119760, 3579520, 2170560, 2105320, 1598072, 94080, 47040, 1313984, 1752240, 1101408
326040, 3653100, 7679760, 4887000, 3752970, 3647520, 93600, 532800, 1752240, 4314600, 2538360
256762, 3459522, 6253456, 3380410, 1594780, 2661428, 174240, 427680, 1101408, 2538360, 2216720
